[42435.466136] [project1] 9147 1588172770.006370399 1588172771.138482754
[42437.873658] [project1] 9148 1588172772.264505126 1588172773.546001172
[42440.131831] [project1] 9149 1588172774.647417799 1588172775.804173799
[42442.331090] [project1] 9150 1588172776.885330656 1588172778.003431221
[42444.593040] [project1] 9151 1588172779.115229430 1588172780.265387832
[42446.784040] [project1] 9152 1588172781.328453363 1588172782.456383530
[42448.995871] [project1] 9153 1588172783.543845768 1588172784.668200768
[42451.262006] [project1] 9154 1588172785.801645875 1588172786.934348721
[42453.450532] [project1] 9155 1588172788.005020905 1588172789.122872995
[42455.718406] [project1] 9156 1588172790.245983418 1588172791.390749697
